D2_26_001.scope 333.3333333333333 50 92 4789 142.119129082 4817 280.227266776 4839 131.803939865 4933 5.63359759157 4979 10.8625030266 5025 5.48046864024 1000 
D2_26_002.scope 301.8867924528302 53 105 4815 132.389217211 4827 252.896759715 4868 118.182063245 4974 4.8036407426 5030 9.28712060805 5079 4.68420070246 1000 
D2_26_003.scope 342.8571428571429 44 98 4664 262.626853292 4676 517.210422115 4708 255.111975117 4804 5.75456899147 4853 10.9264573453 4902 5.4636246864 1000 
D2_26_004.scope 294.47852760736197 41 99 4831 174.093105236 4853 310.051572009 4872 155.424468637 4994 5.88319719017 5044 11.1610435667 5093 5.75456899147 1000 
D2_26_005.scope 294.47852760736197 60 98 4526 107.597926387 4548 215.857193715 4586 110.746293416 4689 6.21242348219 4734 12.3477318587 4787 6.40536477672 1000 
D2_26_006.scope 335.6643356643357 37 138 4922 121.90005184 4944 241.34805402 4959 115.286884396 5065 6.02713798294 5125 11.9444185154 5203 5.86635223281 1000 
D2_26_007.scope 237.62376237623764 46 162 4792 67.9665733541 4812 133.192066118 4838 60.1194090202 4994 5.34418464626 5096 10.4415600904 5156 5.23086904165 1000 
D2_26_008.scope 290.90909090909093 35 156 4826 63.663286677 4834 113.968637326 4861 49.3770139969 4991 3.87874460612 5091 6.98814189796 5147 3.51583040642 1000 
D2_26_009.scope 340.42553191489367 52 154 4828 86.9516433385 4842 167.143971386 4880 84.8949300156 4969 3.66895835424 5015 7.09395320466 5123 3.48367285499 1000 
D2_26_010.scope 345.32374100719426 50 165 4799 75.2283670295 4835 141.645729721 4849 70.766874028 4938 2.73640642248 4977 5.06294894844 5103 2.63993577521 1000 
D2_26_011.scope 256.6844919786096 63 183 4857 41.2925349922 4873 78.1574460135 4920 40.216723691 5044 3.13760260913 5150 5.82176203837 5227 2.91250376317 1000 
D2_26_012.scope 303.7974683544304 55 189 4901 47.889849663 4911 92.0985035409 4956 44.7573146708 5059 2.63074761666 5172 4.96277184082 5248 2.55112092323 1000 
D2_26_013.scope 275.86206896551727 94 197 4861 40.8811923276 4907 74.9170086304 4955 36.1665733541 5035 2.71190566984 5153 4.61118859681 5232 2.26936477672 1000 
D2_26_014.scope 255.31914893617022 33 177 4683 24.0319440124 4693 40.9438475652 4716 21.5480559876 4871 3.24326141495 4988 6.21021832339 5048 3.0656327145 1000 
D2_26_015.scope 300.00000000000006 33 194 4786 52.1931363401 4796 94.5317554822 4819 48.633437014 4946 2.11623582539 4980 3.97907498204 5140 1.98760762669 1000 
D2_26_016.scope 298.136645962733 75 174 4868 37.0683566615 4907 63.369021336 4943 31.9582063245 5029 1.99526442549 5054 3.55126461622 5203 1.78547817361 1000 
D2_26_017.scope 294.47852760736197 147 156 4716 14.8558216693 4781 26.7477617812 4863 9.98298600311 4879 1.93860712494 4916 3.53904463821 5035 1.81763572504 1000 
D2_26_018.scope 307.6923076923077 31 174 4654 40.0426853292 4665 70.2916156342 4685 35.169849663 4810 2.35817862519 4920 4.30529939809 4984 2.1637059709 1000 
D2_26_019.scope 342.8571428571429 48 177 4373 31.2937376879 4397 59.894748382 4421 29.3161223432 4513 2.5189633718 4622 4.85895146645 4690 2.42249272454 1000 
D2_26_020.scope 287.4251497005988 47 177 4658 57.1450803525 4676 106.264221002 4705 50.2946293416 4825 2.43780531862 4931 4.37074646154 5002 2.26936477672 1000 
D2_26_021.scope 338.02816901408454 34 182 4764 18.3206013478 4783 34.040560564 4798 31.9582063245 4906 2.04426593076 5008 3.71661283376 5088 1.84213547416 1000 
D2_26_022.scope 271.1864406779661 69 183 4870 41.6089580093 4928 80.7951065989 4939 38.223286677 5047 2.55877671851 5155 4.91729254489 5230 2.50211941796 1000 
D2_26_023.scope 352.94117647058823 53 204 4864 32.4486573354 4891 58.1243887768 4917 28.7307516848 5000 1.97995183141 5033 3.57585705246 5204 1.86663622679 1000 
D2_26_024.scope 271.1864406779661 37 191 4773 29.553437014 4789 55.5490682862 4810 28.809849663 4950 2.1637059709 5056 4.06213106884 5141 2.07642247868 1000 
D2_26_025.scope 287.4251497005988 56 165 4898 49.9623950233 4908 92.5769305856 4954 47.0671643339 5065 2.55112092323 5165 4.81720862866 5230 2.45465027597 1000 
D2_26_026.scope 285.7142857142857 81 182 4836 34.7585069984 4851 63.4266048917 4917 33.1131363401 5004 2.59859106874 5113 4.88571765064 5186 2.55877671851 1000 
D2_26_027.scope 277.4566473988439 50 147 4700 81.430150337 4738 153.264313864 4750 77.0477656817 4873 3.3152323131 4973 6.00297419629 5020 3.08247666834 1000 
D2_26_028.scope 298.136645962733 32 128 4831 144.270710213 4848 272.746256961 4863 136.929808191 4992 4.83579829403 5045 9.06866742479 5120 4.64285599599 1000 
D2_26_029.scope 305.73248407643314 46 108 4750 152.291964749 4771 287.165403225 4796 139.57190254 4907 4.90011239338 4956 9.42956069174 5015 4.83579829403 1000 
D2_26_030.scope 317.8807947019868 36 114 4735 149.143597719 4750 285.818126079 4771 140.647796786 4886 5.69025489212 4935 10.6428005174 5000 5.42381133969 1000 
D2_26_031.scope 301.8867924528302 49 98 4802 78.6931363401 4823 149.985532793 4851 74.7379160187 4961 5.36715403914 5003 10.1923239952 5059 5.18186853989 1000 
D2_26_032.scope 305.73248407643314 35 118 4740 224.957283567 4758 422.840378281 4775 195.97345775 4897 5.9551670848 4946 11.645910876 5015 5.92301053688 1000 
D2_26_033.scope 313.72549019607845 54 96 4766 189.043856921 4787 361.409732492 4820 175.248107828 4919 7.42060712494 4969 14.2933838248 5015 7.1541635725 1000 
D2_26_034.scope 322.14765100671144 43 103 4811 132.62654225 4834 260.346776087 4854 131.313426646 4960 5.30283993979 5009 10.4108712524 5063 5.23086904165 1000 
D2_26_035.scope 324.3243243243243 47 95 4650 121.725972006 4672 230.857573114 4697 110.904510109 4798 5.96282388359 4851 11.7100474251 4893 5.89850978424 1000 
D2_26_036.scope 317.8807947019868 36 100 4749 143.368999482 4771 264.652310707 4785 132.800622084 4900 5.76222579027 4948 10.9732156898 5000 5.54478273959 1000 
