acc_72_1078.scope 333.3333333333333 93 328 5008 65.4035864043 5045 323.420260142 5101 70.371347926 5143 12.7249781107 5269 62.5349219109 5471 12.8536060483 1000 
acc_72_1079.scope 181.4516129032258 153 222 4982 11.8973142177 5060 47.7341762833 5135 10.2519409748 5230 1.72422687757 5316 9.17784835198 5452 1.62622463942 1000 
acc_72_1080.scope 323.7410071942446 78 166 5009 103.468663542 5046 475.016091038 5087 91.5713493245 5148 19.722950429 5225 92.9015279176 5314 17.7230922567 1000 
acc_72_1081.scope 190.67796610169492 166 184 4971 11.0746275963 5038 41.5849102061 5137 9.27104538773 5207 1.90185593423 5332 8.48503377961 5391 1.73953972729 1000 
acc_72_1082.scope 288.46153846153845 70 118 5006 82.4585129024 5036 359.547593868 5076 72.0167211689 5162 20.6600968314 5225 100.013795346 5280 17.8210944948 1000 
acc_72_1083.scope 212.2641509433962 140 171 4978 11.0746275963 5060 46.3103852985 5118 8.25850800751 5190 2.19280007876 5293 8.29289097894 5361 1.69053860821 200 
acc_72_1084.scope 333.3333333333333 61 177 5010 83.2811995239 5039 389.781960042 5071 77.9653782778 5145 21.4318644569 5226 99.7407366102 5322 20.2711504488 1000 
acc_72_1085.scope 214.2857142857143 202 176 4972 10.2519409748 5037 36.7354889906 5174 8.92298566328 5182 2.38574198513 5271 11.0798880404 5358 2.37042913541 1000 
acc_72_1087.scope 203.61990950226246 162 164 4973 10.0937320092 5080 46.855004471 5135 9.4292543534 5194 2.69199897937 5281 11.0018901559 5358 2.25711404755 200 
acc_72_1091.scope 213.2701421800948 161 173 4980 12.0871649765 5051 45.9707375584 5141 14.3970158752 5191 1.82222911573 5304 9.3535349021 5364 1.75791514693 400 
acc_72_1093.scope 211.26760563380282 130 161 4990 15.3779114622 5065 60.4299308933 5120 12.9098515979 5203 1.62622463942 5292 7.52024691924 5364 1.40265703362 300 
acc_72_1095.scope 207.3732718894009 129 167 4996 20.1874640184 5056 85.6296534102 5125 18.0358220853 5213 2.70731182908 5306 10.9243094874 5380 2.46536880363 1000 
acc_72_1097.scope 244.56521739130434 151 185 4991 16.2005980837 5044 65.431769753 5142 14.7134338064 5175 1.48228385212 5271 7.63667966761 5360 1.0473989203 300 
acc_72_1099.scope 218.44660194174756 156 162 4985 14.5552248409 5052 51.6425254254 5141 10.9164186306 5191 2.0947978406 5280 9.91274453946 5353 1.69053860821 400 
acc_72_1101.scope 218.44660194174756 130 172 4985 11.0746275963 5064 54.1193086639 5115 11.4226873207 5191 1.62622463942 5293 7.44770317334 5363 1.40265703362 300 
acc_72_1102.scope 277.7777777777778 70 138 5012 128.971948807 5041 574.320061769 5082 102.171350024 5174 20.6600968314 5233 99.8542354523 5312 20.2252118995 1000 
acc_72_1103.scope 226.13065326633168 102 174 4994 17.5295533952 5057 68.6750632523 5096 15.2197024966 5193 1.49759670184 5278 6.62764792758 5367 1.35365591454 300 
acc_72_1105.scope 215.311004784689 127 160 4993 16.2005980837 5068 69.0168536567 5120 14.2388069095 5202 1.93248163366 5291 8.19477326011 5362 1.69053860821 400 
acc_72_1107.scope 211.26760563380282 116 155 4998 19.3647773969 5055 80.5959709257 5114 17.3713444295 5211 2.48374422328 5299 8.54207378977 5366 2.22342577818 500 
acc_72_1109.scope 238.0952380952381 118 155 5002 19.3647773969 5059 82.6650073278 5120 15.2197024966 5191 1.75791514693 5282 5.849683655 5346 1.51597212149 300 
acc_72_1111.scope 226.13065326633168 115 166 4993 16.2005980837 5050 64.6201258529 5108 15.2197024966 5192 2.19280007876 5287 10.3826944515 5358 1.73953972729 300 
acc_72_1113.scope 251.39664804469274 126 178 4992 17.5295533952 5044 67.9898974384 5118 13.0680605636 5171 2.22342577818 5276 10.4813936869 5349 1.54659782091 300 
acc_72_1115.scope 218.44660194174756 133 180 4990 17.2131354639 5056 78.5586619946 5123 15.5361204279 5196 2.64299786029 5308 11.9495598924 5376 2.07948499089 300 
acc_72_1117.scope 229.59183673469389 136 176 4992 13.8907471851 5046 67.5335499157 5128 11.4226873207 5188 2.72568724873 5296 11.0605887422 5364 2.12848610996 300 
acc_72_1119.scope 217.3913043478261 145 177 4994 15.2197024966 5054 71.0345041708 5139 15.2197024966 5201 2.90025373545 5310 12.9807258238 5378 1.93248163366 300 
acc_72_1121.scope 210.2803738317757 123 163 4984 16.042389118 5057 66.9818790457 5107 15.5361204279 5198 2.61237216086 5285 12.1707142025 5361 2.11011069032 1000 
acc_72_1123.scope 214.2857142857143 131 163 4991 16.7068667738 5062 73.1287904915 5122 14.0489561506 5201 1.96616990302 5285 8.43591534149 5364 1.64460005907 300 
acc_72_1125.scope 216.34615384615384 143 182 4989 14.0489561506 5060 59.7467417214 5132 10.9164186306 5197 2.96763027418 5298 11.9424933355 5379 2.37042913541 300 
acc_72_1127.scope 190.67796610169492 161 163 4968 13.3844784949 5046 53.8593945979 5129 12.7200008392 5204 2.52968277242 5296 12.0594204108 5367 2.32142801634 1000 
acc_72_1129.scope 213.2701421800948 131 170 4990 14.7134338064 5053 60.3766474564 5121 11.4226873207 5201 1.98148275273 5290 10.0852716972 5371 1.70891402786 300 
acc_72_1131.scope 234.37499999999997 105 191 4996 20.0292550527 5055 82.0009725738 5101 17.2131354639 5188 2.30611516662 5301 12.2611825186 5379 2.07948499089 1000 
acc_72_1133.scope 229.59183673469389 117 183 4986 11.2328365619 5054 55.550382559 5103 12.2453739421 5182 3.27388726842 5294 12.8311796686 5365 2.64299786029 300 
acc_72_1135.scope 222.77227722772275 114 178 4981 14.2388069095 5049 58.9353710522 5095 12.0871649765 5183 3.09625821176 5287 14.5261367452 5361 2.79000121752 1000 
acc_72_1137.scope 227.27272727272728 134 180 4982 12.2453739421 5055 52.7778781086 5116 9.08119462894 5180 2.62768501058 5292 12.3434431472 5360 2.25711404755 1000 
acc_72_1139.scope 215.311004784689 139 175 4993 16.042389118 5053 62.9684340048 5132 13.5743292537 5202 2.41636768456 5299 9.43038786943 5377 1.96616990302 1000 
acc_72_1141.scope 220.58823529411765 121 179 4989 17.0549264983 5059 66.4395387113 5110 14.2388069095 5193 2.38574198513 5297 10.3296196559 5372 2.15911180939 1000 
acc_72_1143.scope 213.2701421800948 132 183 4986 15.8841801524 5061 66.9584641187 5118 15.2197024966 5197 2.28773974697 5302 10.0721800266 5380 2.07948499089 1000 
acc_73_1178.scope 288.46153846153845 95 185 5011 63.4101534369 5069 289.324329534 5106 58.9486606053 5167 10.2749221567 5242 49.5150183147 5352 9.12952099828 1000 
acc_73_1179.scope 194.80519480519482 107 170 4979 8.41671697317 5059 35.6488970066 5086 10.0937320092 5210 2.72568724873 5311 14.8849926517 5380 2.45005595392 300 
acc_73_1180.scope 335.820895522388 84 167 5009 52.1456750818 5054 250.611228473 5093 51.1647794948 5143 15.1321580854 5251 71.4817299863 5310 14.1000720148 1000 
acc_73_1181.scope 220.58823529411765 106 188 4971 12.7200008392 5029 52.8266064701 5077 10.5683589062 5175 3.402515206 5267 17.1508204372 5363 2.77162579787 1000 
acc_73_1182.scope 328.46715328467155 72 194 5005 62.0811981253 5038 291.863899851 5077 60.2459741237 5142 13.080236224 5225 62.8038768032 5336 12.7249781107 1000 
acc_73_1183.scope 226.13065326633168 142 184 4973 12.2453739421 5066 55.1244334873 5115 9.74567228472 5172 2.85431518631 5296 15.1910819311 5356 2.56337104179 1000 
acc_73_1184.scope 354.3307086614173 82 159 5013 62.0811981253 5043 288.164974234 5095 56.4489589478 5140 17.0462642993 5240 83.2449386323 5299 16.804321274 1000 
acc_73_1185.scope 226.13065326633168 110 172 4987 16.5486578081 5039 73.2684705051 5097 15.8841801524 5186 3.65977108116 5283 18.3325436752 5358 3.33820123721 1000 
acc_73_1186.scope 276.0736196319018 65 134 5016 70.1814971672 5060 320.582624134 5081 60.4358248825 5179 17.4505235318 5265 84.6351003805 5313 15.94986426 1000 
acc_73_1187.scope 200.89285714285714 128 158 4998 18.7002997411 5081 82.7274681441 5126 13.0680605636 5222 2.37042913541 5317 11.771048825 5380 2.24180119783 1000 
acc_73_1188.scope 227.27272727272728 67 142 5006 65.5617953699 5038 294.013010441 5073 55.4680633607 5204 17.4505235318 5265 83.6955039223 5346 16.5623782485 1000 
acc_73_1189.scope 195.6521739130435 138 217 4993 17.8776131196 5057 76.1554677106 5131 14.3970158752 5223 1.72422687757 5316 10.0443718915 5440 1.65991290878 1000 
acc_73_1190.scope 234.37499999999997 75 146 5010 73.503885446 5057 331.449048731 5085 66.06806406 5202 15.1903469143 5279 71.2070787139 5348 13.9163178183 1000 
acc_73_1191.scope 199.1150442477876 120 153 5000 23.8262702285 5060 102.845320218 5120 21.8328372612 5226 2.85431518631 5320 14.3866060586 5379 2.79000121752 1000 
acc_73_1192.scope 217.3913043478261 87 147 5008 71.8585122032 5044 350.250602211 5095 67.7134373029 5215 17.1748922369 5265 83.7836446852 5362 15.9651771097 1000 
acc_73_1193.scope 206.42201834862385 135 165 4999 20.345672984 5076 87.3897069704 5134 16.2005980837 5217 2.20811292847 5308 12.1322294023 5382 1.98148275273 300 
acc_73_1194.scope 255.6818181818182 98 183 5020 78.4716469679 5060 356.949169817 5118 61.764780194 5196 14.3205770507 5288 67.3990179962 5379 13.3221792495 1000 
acc_73_1195.scope 208.33333333333334 129 194 4994 17.8776131196 5071 80.341044106 5123 16.3904488425 5210 2.41636768456 5338 13.7654556229 5404 1.98148275273 1000 
acc_73_1196.scope 261.6279069767442 89 143 5007 79.958811245 5046 348.929873765 5096 66.3844819913 5179 15.8212363224 5265 76.6291750427 5322 15.5946061467 1000 
acc_73_1197.scope 210.2803738317757 123 165 4997 17.2131354639 5074 78.5729007058 5120 16.5486578081 5211 2.94925485453 5306 15.5526489384 5376 2.67668612965 1000 
acc_73_1198.scope 260.11560693641616 76 102 5009 89.7361253229 5041 384.154150715 5085 70.6877658573 5182 20.20683648 5243 93.0590665155 5284 18.5132353018 1000 
acc_73_1199.scope 217.3913043478261 103 193 5002 22.497314917 5065 102.288424659 5105 21.1683596054 5209 2.77162579787 5300 16.127248311 5402 2.54805819207 1000 
acc_73_1200.scope 283.0188679245283 75 131 5014 87.7426923555 5043 409.879561368 5089 79.958811245 5173 18.5469235712 5245 91.2421050201 5304 16.5960665178 1000 
acc_73_1201.scope 230.76923076923077 132 178 4998 19.6811953283 5066 86.9934146942 5130 18.194031051 5193 2.30611516662 5263 11.3606032013 5371 1.95085705331 1000 
acc_73_1202.scope 335.820895522388 69 144 5037 90.242394013 5071 437.323121387 5106 88.09075208 5171 12.3207188783 5267 57.592117778 5315 11.6102026517 1000 
acc_73_1203.scope 213.2701421800948 116 134 4993 18.3522400167 5076 85.5840892281 5109 16.7068667738 5204 2.96763027418 5278 14.2494641766 5338 2.9186291551 1000 
acc_73_1204.scope 300.0 67 163 5009 78.1552290365 5046 343.39825549 5076 66.06806406 5159 12.2074037904 5209 58.6390879385 5322 11.4172607453 1000 
acc_73_1205.scope 230.76923076923077 100 201 5002 23.8262702285 5055 103.502836678 5102 22.6555238826 5197 1.82222911573 5311 11.0970996835 5398 1.54659782091 1000 
acc_73_1206.scope 241.93548387096774 70 133 5007 81.6358262811 5045 385.650807531 5077 79.2943335892 5193 15.7232340843 5242 72.7801983905 5326 13.9990072067 1000 
acc_73_1207.scope 214.2857142857143 111 156 4992 16.3904488425 5066 60.6389651944 5103 14.0489561506 5202 2.9186291551 5300 15.1540860861 5358 2.74100009844 1000 
acc_73_1208.scope 255.6818181818182 64 142 5015 84.6101548355 5055 371.073433435 5079 74.8328407576 5191 15.6742329652 5254 76.2663830073 5333 15.046406127 1000 
acc_73_1209.scope 216.34615384615384 113 169 5002 22.8453746415 5061 102.805451558 5115 20.6937327084 5210 2.22342577818 5295 12.3667186788 5379 1.91716878394 1000 
acc_73_1210.scope 255.6818181818182 85 133 5012 75.8137363447 5058 362.521289587 5097 71.3522435131 5188 18.5316107214 5243 87.9056800734 5321 17.3218955942 1000 
acc_73_1211.scope 216.34615384615384 110 189 4996 18.8585087068 5061 82.0155277987 5106 17.0549264983 5204 1.99985817238 5286 12.0493139299 5393 1.80385369608 1000 
acc_74_1245.scope 202.70270270270268 112 166 5009 39.2358234839 5065 182.459868754 5121 33.4453753407 5231 7.25829076348 5310 34.6012214662 5397 7.01634773803 1000 
acc_74_1246.scope 233.160621761658 95 151 5010 42.7164207285 5045 189.414102048 5105 37.7486592067 5203 7.62886172651 5285 33.8676134622 5354 7.1296628259 1000 
acc_74_1247.scope 200.89285714285714 98 157 5007 44.8680626615 5049 198.217481733 5105 40.2483608642 5231 9.4694662619 5303 42.8094601744 5388 8.56600812889 1000 
acc_74_1248.scope 235.60209424083772 94 146 5012 49.1713465274 5060 214.235823089 5106 41.2292564512 5203 13.1782384621 5263 58.8522428065 5349 12.3084685985 1000 
acc_74_1249.scope 235.60209424083772 73 145 5014 43.7289581087 5065 190.785457362 5087 35.438808308 5205 9.91966404343 5285 45.6837433168 5350 9.67772101798 1000 
acc_74_1250.scope 228.4263959390863 77 182 5007 47.6841822502 5065 215.234438079 5084 44.3617939713 5204 9.71140928735 5259 45.0823770829 5386 9.32246290466 1000 
acc_74_1251.scope 238.0952380952381 68 131 5010 74.5164228263 5045 337.111031195 5078 60.9420935726 5199 15.5333547478 5271 73.1000531953 5330 14.8412139409 1000 
acc_74_1252.scope 227.27272727272728 77 120 5008 55.1516454294 5057 232.848158645 5085 41.7355251413 5206 12.9546708563 5258 61.2608928148 5326 11.6316406412 1000 
acc_74_1253.scope 241.93548387096774 72 121 5011 72.7128406177 5034 322.543782472 5083 60.1194069512 5197 13.873441839 5256 64.3044748236 5318 13.0986116437 1000 
acc_74_1254.scope 231.95876288659792 88 128 5006 69.0423926144 5051 332.000881603 5094 60.2776159168 5200 12.6147255928 5260 56.4154784061 5328 11.7418931592 1000 
acc_74_1255.scope 250.0 87 114 5011 59.7713472267 5042 262.027587436 5098 48.5068688716 5191 14.5655826461 5255 70.3126245366 5305 12.7770417997 1000 
acc_74_1256.scope 214.2857142857143 83 127 5009 54.9617946706 5050 249.348720927 5092 51.3229884604 5219 13.8581289894 5294 67.9619183515 5346 13.4201814876 1000 
acc_74_1257.scope 219.5121951219512 79 144 5005 45.6907492828 5052 210.185673568 5084 41.0710474855 5210 9.6287198989 5285 45.8359530429 5354 8.80795115434 1000 
acc_74_1258.scope 260.11560693641616 64 172 5017 86.2871698714 5045 376.514556182 5081 76.8262737249 5190 9.37146402374 5273 42.756416463 5362 8.77426288497 1000 
acc_74_1259.scope 243.24324324324323 66 125 5008 79.1677664167 5036 335.077096732 5074 65.7516461287 5193 10.951750114 5254 50.8214494007 5318 10.4035500943 1000 
acc_74_1260.scope 252.80898876404495 60 125 5010 59.106869571 5039 262.748387483 5070 54.4871677737 5188 12.1155266921 5254 56.4515554801 5313 11.9532104852 1000 
acc_74_1261.scope 213.2701421800948 67 133 5007 71.7003032375 5048 330.764320328 5074 67.5552283373 5218 11.5489512528 5272 53.2407571524 5351 10.1126059498 1000 
acc_74_1262.scope 228.4263959390863 98 134 5006 61.2585115039 5045 270.579098447 5104 51.8292571505 5203 13.1476127627 5265 60.3178662781 5337 11.9685233349 1000 
acc_74_1263.scope 238.0952380952381 70 131 5013 86.2871698714 5048 406.030653652 5083 72.522989859 5202 13.4538697569 5259 62.6595685074 5333 13.0342976749 1000 
acc_74_1264.scope 221.67487684729062 69 107 5010 65.593437163 5052 306.097011238 5079 61.1003025383 5213 15.4874161987 5263 73.3023665658 5320 14.146010564 1000 
acc_74_1265.scope 240.64171122994654 85 116 5008 52.1456750818 5050 239.397376988 5093 47.0197045944 5195 13.7907524506 5253 65.5225813924 5311 12.3727825673 1000 
acc_74_1266.scope 258.6206896551724 81 134 5022 63.7582131613 5063 281.451218567 5103 57.9677650181 5196 13.3252418194 5255 61.8967435863 5330 12.4034082667 1000 
acc_74_1267.scope 229.59183673469389 93 128 5009 46.3552269386 5055 213.902951424 5102 44.04537604 5205 13.132299913 5266 60.8279066764 5333 11.9195222159 1000 
acc_74_1268.scope 238.0952380952381 74 119 5015 57.461496328 5059 273.834406125 5089 54.9617946706 5204 17.4719615214 5271 82.9692460861 5323 16.856384963 1000 
acc_74_1269.scope 266.2721893491124 83 123 5006 53.1582124621 5040 215.250258976 5089 43.5391073499 5175 16.3571860623 5251 78.0086790476 5298 15.7752977733 1000 
acc_74_1270.scope 236.84210526315792 94 107 5008 45.0262716271 5051 196.722723425 5102 32.6226887193 5198 15.5976687166 5251 73.8972401513 5305 15.3894139606 1000 
acc_74_1271.scope 261.6279069767442 82 119 5015 63.916422127 5047 288.145356323 5097 52.8101527376 5187 14.7432117027 5256 67.3264350885 5306 13.2609278506 1000 
acc_74_1272.scope 264.7058823529412 78 145 5010 64.4226908171 5032 303.198622988 5088 60.7838846069 5180 11.6775791904 5255 55.9400450483 5325 10.5505534516 1000 
acc_74_1273.scope 254.23728813559322 73 156 5005 61.2585115039 5021 283.505403778 5078 56.2907499822 5182 10.9701255337 5281 51.1008782823 5338 10.3086104261 1000 
acc_74_1274.scope 279.50310559006215 79 142 5012 76.8262737249 5047 345.725825793 5091 71.7003032375 5173 13.4844954564 5249 62.9035940805 5315 13.2272395812 1000 
acc_74_1275.scope 276.0736196319018 75 155 5019 70.7194076505 5061 311.31094591 5094 61.2585115039 5182 13.4048686378 5272 62.012814987 5337 11.6469534909 1000 
acc_74_1276.scope 252.80898876404495 86 137 5007 76.8262737249 5046 316.883065681 5093 64.7391087485 5185 14.7922128218 5270 69.1049919569 5322 13.4201814876 1000 
acc_74_1277.scope 231.95876288659792 71 127 5026 73.1874675148 5055 324.898564717 5097 65.0871684729 5220 15.0984698161 5288 71.0771644969 5347 14.195011683 1000 
acc_75_1301.scope 223.8805970149254 176 178 4960 10.1570155954 5059 44.727256682 5136 9.49253793966 5161 2.51743249265 5268 12.2200522043 5339 2.40564868975 1000 
acc_75_1302.scope 283.0188679245283 159 144 4981 11.0588066997 5068 45.1942895486 5140 10.394329044 5140 3.65211465631 5224 16.4012258181 5284 3.34585766207 1000 
acc_75_1303.scope 236.84210526315792 171 150 4983 14.8716427721 5057 65.483007305 5154 13.7958218056 5173 3.99971634478 5265 17.5917692576 5323 3.50051744416 1000 
acc_75_1304.scope 261.6279069767442 105 156 4992 17.6719414643 5044 76.641802071 5097 15.6152249107 5164 4.06403031356 5255 21.3193456372 5320 3.59698839735 1000 
acc_75_1305.scope 252.80898876404495 124 166 4995 16.3588070494 5059 76.0035871035 5119 15.6943293936 5173 4.33813032341 5267 22.3589043785 5339 4.20950238583 1000 
acc_75_1306.scope 261.6279069767442 127 160 4996 18.7477624308 5045 85.280328014 5123 17.0232847051 5168 4.9338001772 5264 23.2617806232 5328 4.63519960782 1000 
acc_75_1307.scope 240.64171122994654 132 153 4996 18.4155236029 5051 81.9750263035 5128 16.7701503601 5183 4.67501301707 5273 22.6179365442 5336 4.22481523553 1000 
acc_75_1308.scope 217.3913043478261 144 150 4992 18.1782101545 5059 73.0472943712 5136 15.3620905657 5199 5.14205493329 5275 24.1475677276 5349 4.92461246738 1000 
acc_75_1309.scope 220.58823529411765 142 166 4989 14.6185084271 5093 68.9363926074 5131 13.5426874605 5193 4.54638507949 5289 23.3229095193 5359 4.28912920433 1000 
acc_75_1310.scope 225.0 138 158 4991 15.8525383593 5061 72.3220644726 5129 14.7925382893 5191 5.52028232117 5284 26.0210948899 5349 5.16655549282 1000 
acc_75_1311.scope 222.77227722772275 134 173 4988 15.6943293936 5050 74.6815929865 5122 14.5394039442 5190 4.24931579507 5291 22.4249640121 5363 3.91090181644 1000 
acc_75_1312.scope 219.5121951219512 129 153 4997 19.9026878801 5068 83.3017666895 5126 17.8459713266 5202 4.86029849859 5293 23.2538791928 5355 4.75617112054 1000 
acc_75_1313.scope 229.59183673469389 148 174 4983 15.3620905657 5057 72.4476823913 5131 14.0489561506 5179 3.86343198234 5276 20.1976181445 5353 3.33973252219 1000 
acc_75_1314.scope 236.84210526315792 138 150 4993 19.2540311209 5056 81.2798561083 5131 17.2605981537 5183 6.69630917906 5264 28.8824539871 5333 6.46202257846 1000 
acc_75_1315.scope 236.84210526315792 117 154 4995 18.8268669136 5057 83.6181846207 5112 17.3397026364 5185 4.61069904828 5272 22.5620446427 5339 4.4499141263 1000 
acc_75_1316.scope 227.27272727272728 128 162 4993 15.7734338764 5071 72.6891092729 5121 14.8716427721 5191 4.73932698586 5274 21.2929156586 5353 4.25697221993 1000 
acc_75_1317.scope 222.77227722772275 133 160 4994 17.2605981537 5060 72.647342106 5127 13.5426874605 5196 5.06242811478 5268 26.6933596179 5356 5.02108342056 1000 
acc_75_1318.scope 227.27272727272728 131 172 4990 15.2829860828 5063 69.0809956021 5121 14.1280606335 5188 5.55243930557 5269 25.2340756661 5360 4.98127001131 1000 
acc_75_1319.scope 238.0952380952381 109 169 4997 19.6653744316 5044 83.0476830906 5106 16.5961204979 5186 4.60304262342 5263 22.8457917479 5355 4.27381635462 1000 
acc_75_1320.scope 233.160621761658 131 157 4990 14.2071651163 5063 59.3729770512 5121 12.3086575285 5183 5.45596835238 5261 25.8641381803 5340 5.13439850843 1000 
acc_75_1321.scope 233.160621761658 141 162 4983 13.3844784949 5051 56.5286962665 5124 11.0588066997 5176 4.9659571616 5271 26.3933196407 5338 4.85264207373 1000 
acc_75_1322.scope 252.80898876404495 132 166 4986 13.6217919434 5060 61.6287204835 5118 11.8973142177 5164 5.23086946162 5253 26.1606868279 5330 4.94145660206 1000 
acc_76_1408.scope 233.160621761658 87 144 5009 51.0065705291 5048 233.027884029 5096 43.3808983842 5202 15.5027290484 5286 75.9742138349 5346 15.1627837848 1000 
acc_76_1409.scope 211.26760563380282 83 142 5008 98.2161258823 5041 433.884924146 5091 84.8000055943 5221 13.0649233743 5307 65.2422337399 5363 12.8566686182 1000 
acc_76_1411.scope 212.2641509433962 76 144 5012 96.0644839493 5041 409.241662818 5088 80.1486620038 5224 13.5334965754 5304 68.0855849258 5368 13.3742429385 1000 
acc_76_1412.scope 234.37499999999997 78 135 5014 102.519409748 5046 487.301966476 5092 86.2871698714 5206 14.195011683 5291 69.1045631971 5341 13.9867569269 1000 
acc_76_1414.scope 201.79372197309416 76 124 5013 87.4579162174 5050 413.320289953 5089 82.4585129024 5236 15.9713022496 5300 75.7464198826 5360 13.9377558078 1000 
acc_76_1415.scope 227.27272727272728 46 124 5020 116.600007692 5040 534.760226323 5066 100.019708091 5218 11.9532104852 5296 56.6175467709 5342 11.4203233152 1000 
acc_76_1416.scope 212.2641509433962 79 122 5012 128.180903978 5045 630.626632647 5091 121.567769214 5224 18.5346732914 5299 90.8157952841 5346 17.6159023087 1000 
acc_76_1417.scope 215.311004784689 88 163 5005 67.745079096 5047 326.2287857 5093 65.9098550943 5214 14.4706429778 5280 70.2051283316 5377 13.5978105442 1000 
acc_76_1418.scope 227.27272727272728 108 131 5013 68.5677657175 5054 331.936332346 5121 59.7713472267 5211 17.2116430763 5278 85.7999182324 5342 16.9880754704 1000 
acc_76_1419.scope 220.58823529411765 78 163 5010 86.1289609059 5042 400.406008505 5088 80.9713486253 5214 13.132299913 5299 63.8041121464 5377 12.3237814482 1000 
acc_76_1420.scope 236.84210526315792 92 166 5013 93.5647822919 5050 437.532590058 5105 83.9773189728 5203 14.406329009 5283 71.8670012851 5369 13.6161859639 1000 
acc_76_1421.scope 194.80519480519482 96 127 5011 79.6423933137 5065 376.31141587 5107 72.0483629619 5242 14.6482720345 5311 69.5113949882 5369 13.9040675385 1000 
acc_76_1422.scope 225.0 89 163 5012 64.7391087485 5048 299.187076454 5101 58.9486606053 5212 10.792496477 5303 51.7451817467 5375 9.25814893587 1000 
acc_76_1423.scope 250.0 65 138 5010 96.7289616051 5050 474.977488051 5075 90.7486627032 5190 13.0496105245 5245 63.0066801848 5328 11.7602685788 1000 
acc_76_1424.scope 283.0188679245283 74 186 5007 59.6131382611 5033 281.224663329 5081 56.6388097066 5166 9.20914781679 5299 44.3453390006 5352 8.6609477971 1000 
acc_76_1425.scope 239.36170212765958 85 144 5009 71.7003032375 5038 329.932774005 5094 61.2585115039 5197 13.4385569073 5271 66.512587752 5341 12.3727825673 1000 
acc_76_1426.scope 283.0188679245283 63 162 5010 96.222692915 5031 444.149521838 5073 85.7809011813 5169 14.5655826461 5241 70.4672843187 5331 13.8887546888 1000 
acc_76_1427.scope 240.64171122994654 82 169 5008 62.5874668154 5043 297.316413644 5090 58.1259739838 5195 11.8552082471 5264 57.8100502551 5364 11.5673266725 1000 
acc_76_1428.scope 240.64171122994654 81 156 5008 88.7552297358 5056 422.830547297 5089 83.787468214 5195 12.7923546494 5258 62.7140822524 5351 12.1798406609 1000 
acc_76_1429.scope 279.50310559006215 79 147 5008 79.1677664167 5049 372.22139769 5087 74.8644825508 5169 16.8900732323 5246 80.1788161087 5316 16.001927949 1000 
acc_76_1430.scope 248.61878453038676 73 156 5011 60.2776159168 5066 279.869128911 5084 53.1582124621 5192 10.951750114 5289 52.2700449835 5348 10.210608188 1000 
acc_76_1431.scope 274.390243902439 73 130 5014 72.8710495834 5054 314.700414791 5087 64.4226908171 5178 20.5682197332 5242 100.316377257 5308 19.8270778071 1000 
acc_76_1432.scope 244.56521739130434 84 140 5010 87.9325431144 5045 406.234426799 5094 72.522989859 5194 18.2927302659 5272 89.7990833146 5334 17.922159303 1000 
acc_76_1433.scope 233.160621761658 88 160 5010 92.4256777391 5044 402.189972801 5098 79.1677664167 5203 12.4034082667 5318 59.47198446 5363 10.9854383833 1000 
